  0 19  3  0      0 26 34 19      0  5 19 26      0  6  6  5      0  9 39  6      0  9 37  9      0  3 37  9      0 39 30  3      0  5 23 39      0  0 33  5 
  3 37 34  0     34 26 18 37     19  3 37 26      6  5 26  3     39  6 19  5     37 12 23  6     37 30 19 12     30 26 39 30     23 34  5 26     33  0  9 34 
 34 12 23  0     18 30 30 12     37 37 26 30     26  3  9 37     19  5 33  3     23 39 33  5     19 23 34 39     39  5 37 23      5 30 18  5      9  0 19 30 
 23 39 26  0     30 39  9 39     26 26  3 39      9 18 39 26     33 18  9 18     33 26 12 18     34 23 26 26     37 33 37 23     18 39 34 33     19  0 37 39 
 26 37 32  0      9 23  3 37      3 37 32 23     39 12 37 37      9 30 39 12     12 39  3 30     26  9 12 39     37 18 34  9     34  3 23 18     37  0 18  3 
 32 39 34  0      3  9 32 39     32 18 19  9     37 12 26 18     39 18  3 12      3 32 12 18     12 34 32 32     34 32  9 34     23 34 37 32     18  0 18 34 
 34 32  3  0     32  5 32 32     19  6 32  5     26 32  9  6      3 37 33 32     12 37 37 37     32 12 30 37      9 37 32 12     37 23 26 37     18  0 12 23 
  3 34 37  0     32 26  9 34     32 18  3 26      9 34 23 18     33 33  6 34     37 18  9 33     30 37  9 18     32  3  9 37     26 23 26  3     12  0 26 23 
 37 30 12  0      9 33 12 30      3 39 39 33     23 39 33 39      6 34 34 39      9 19 19 34      9  3 12 19      9  5 37  3     26 19 12  5     26  0 19 19 
 12 33  0  0     12 37  0 33     39 26  0 37     33 34  0 26     34 19  0 34     19  5  0 19     12 12  0  5     37  6  0 12     12 32  0  6     19  0  0 32 
 